1741581576208 0.33003461360931396 0
1741581576594 0.13929368555545807 1
1741581576979 0.1064758151769638 2
1741581577381 0.08686806261539459 3
1741581577797 0.07481589168310165 4
1741581578211 0.06614995002746582 5
1741581578611 0.05999442934989929 6
1741581579004 0.054542768746614456 7
1741581579380 0.05076916515827179 8
1741581579779 0.04747989401221275 9
1741581580172 0.04422253742814064 10
1741581580561 0.042253728955984116 11
1741581580954 0.03863866627216339 12
1741581581346 0.03644368797540665 13
1741581581740 0.03496967628598213 14
1741581582147 0.03175146132707596 15
1741581582561 0.02903703786432743 16
1741581582953 0.02767263539135456 17
1741581583347 0.02632838860154152 18
1741581583744 0.024509936571121216 19
1741581584131 0.020224060863256454 20
1741581584514 0.016466030851006508 21
1741581584927 0.014198221266269684 22
1741581585314 0.013012608513236046 23
1741581585711 0.011784490197896957 24
1741581586127 0.010865389369428158 25
1741581586527 0.010130827315151691 26
1741581586929 0.009486312977969646 27
1741581587315 0.008935588411986828 28
1741581587712 0.008557777851819992 29
1741581588105 0.008264949545264244 30
1741581588492 0.008311646990478039 31
1741581588878 0.007947582751512527 32
1741581589260 0.008457424119114876 33
1741581589654 0.007409947458654642 34
1741581590063 0.00707582850009203 35
1741581590477 0.006779350806027651 36
1741581590882 0.006778482347726822 37
1741581591264 0.006364918313920498 38
1741581591661 0.006000001449137926 39
1741581592046 0.005938469432294369 40
1741581592431 0.005805647000670433 41
1741581592840 0.005624422803521156 42
1741581593235 0.005618665367364883 43
1741581593621 0.008757620118558407 44
1741581594006 0.007458359468728304 45
1741581594400 0.006500671152025461 46
1741581594782 0.005716888699680567 47
1741581595160 0.006111124996095896 48
1741581595555 0.005009183660149574 49
1741581595931 0.004771900363266468 50
1741581596334 0.004599991254508495 51
1741581596727 0.004567481577396393 52
1741581597110 0.0049100290052592754 53
1741581597497 0.004531090147793293 54
1741581597892 0.004366006702184677 55
1741581598290 0.004169807769358158 56
1741581598697 0.004157175775617361 57
1741581599110 0.00426479522138834 58
1741581599510 0.004164551384747028 59
1741581599912 0.004279341083019972 60
1741581600307 0.0041445777751505375 61
1741581600700 0.003917326219379902 62
1741581601087 0.0040947743691504 63
1741581601476 0.00399408582597971 64
1741581601874 0.0037863904144614935 65
1741581602282 0.004330513533204794 66
1741581602712 0.0038836479652673006 67
1741581603110 0.0036370200105011463 68
1741581603497 0.0036045056767761707 69
1741581603895 0.003670539939776063 70
1741581604297 0.0038187566678971052 71
1741581604732 0.0035674343816936016 72
1741581605156 0.0034396578557789326 73
1741581605570 0.0034233657643198967 74
1741581605994 0.0035766528453677893 75
1741581606414 0.0034054613206535578 76
1741581606864 0.0033025487791746855 77
1741581607300 0.003224053652957082 78
1741581607713 0.0032495695631951094 79
