1741581576208 0.3576083779335022 0
1741581576594 0.19977091252803802 1
1741581576979 0.17352214455604553 2
1741581577381 0.1445976197719574 3
1741581577797 0.13231757283210754 4
1741581578211 0.12335560470819473 5
1741581578611 0.11801763623952866 6
1741581579004 0.11278893053531647 7
1741581579380 0.10832279920578003 8
1741581579779 0.10622769594192505 9
1741581580172 0.10085031390190125 10
1741581580561 0.10149100422859192 11
1741581580954 0.09470317512750626 12
1741581581346 0.09083813428878784 13
1741581581740 0.09057290852069855 14
1741581582147 0.08543068170547485 15
1741581582561 0.08222794532775879 16
1741581582953 0.08224643766880035 17
1741581583347 0.08410319685935974 18
1741581583744 0.08197960257530212 19
1741581584131 0.07585740834474564 20
1741581584514 0.06910146772861481 21
1741581584927 0.06548064947128296 22
1741581585314 0.06394664198160172 23
1741581585711 0.060983605682849884 24
1741581586127 0.05853269621729851 25
1741581586527 0.056365836411714554 26
1741581586929 0.05446736142039299 27
1741581587315 0.0530075840651989 28
1741581587712 0.05168507620692253 29
1741581588105 0.05126931518316269 30
1741581588492 0.0516401045024395 31
1741581588878 0.05103442445397377 32
1741581589260 0.05324125289916992 33
1741581589654 0.048988569527864456 34
1741581590063 0.0470111183822155 35
1741581590477 0.046010568737983704 36
1741581590882 0.04606903716921806 37
1741581591264 0.043606337159872055 38
1741581591661 0.04201534390449524 39
1741581592046 0.04227390140295029 40
1741581592431 0.041752878576517105 41
1741581592840 0.041487712413072586 42
1741581593235 0.04140733182430267 43
1741581593621 0.05875738710165024 44
1741581594006 0.05179508402943611 45
1741581594400 0.0508476123213768 46
1741581594782 0.04416860267519951 47
1741581595160 0.0474102683365345 48
1741581595555 0.03851154446601868 49
1741581595931 0.03735353425145149 50
1741581596334 0.03559236228466034 51
1741581596727 0.03589767590165138 52
1741581597110 0.03891019523143768 53
1741581597497 0.03707045689225197 54
1741581597892 0.03448009490966797 55
1741581598290 0.032803475856781006 56
1741581598697 0.03280138596892357 57
1741581599110 0.03481478616595268 58
1741581599510 0.03419781103730202 59
1741581599912 0.03619479760527611 60
1741581600307 0.03441782668232918 61
1741581600700 0.03216787800192833 62
1741581601087 0.033507078886032104 63
1741581601476 0.03428955376148224 64
1741581601874 0.03139482066035271 65
1741581602282 0.034985095262527466 66
1741581602712 0.032907720655202866 67
1741581603110 0.030785750597715378 68
1741581603497 0.03054780140519142 69
1741581603895 0.030782904475927353 70
1741581604297 0.03243022784590721 71
1741581604732 0.030609406530857086 72
1741581605156 0.02982664853334427 73
1741581605570 0.029801439493894577 74
1741581605994 0.03244001418352127 75
1741581606414 0.029686279594898224 76
1741581606864 0.028707100078463554 77
1741581607300 0.028182320296764374 78
1741581607713 0.027990764006972313 79
