1741582450761 3.367523670196533 0
1741582451182 0.30204159021377563 1
1741582451588 0.21945981681346893 2
1741582451988 0.14321289956569672 3
1741582452398 0.14228743314743042 4
1741582452800 0.13058362901210785 5
1741582453201 0.12295795977115631 6
1741582453604 0.08714166283607483 7
1741582454007 0.09176472574472427 8
1741582454407 0.07740040868520737 9
1741582454804 0.06704673916101456 10
1741582455209 0.060270827263593674 11
1741582455611 0.07153152674436569 12
1741582456011 0.06011694669723511 13
1741582456441 0.05418200045824051 14
1741582456862 0.050569720566272736 15
1741582457334 0.053929273039102554 16
1741582457758 0.06968770921230316 17
1741582458172 0.0708898976445198 18
1741582458593 0.057697683572769165 19
1741582459002 0.07081674784421921 20
1741582459405 0.07699139416217804 21
1741582459809 0.0679175853729248 22
1741582460222 0.06302713602781296 23
1741582460672 0.058321159332990646 24
1741582461071 0.07419271767139435 25
1741582461488 0.08936834335327148 26
1741582461901 0.05941806361079216 27
1741582462305 0.05813576281070709 28
1741582462721 0.05912264436483383 29
1741582463135 0.054666418582201004 30
1741582463547 0.05350876599550247 31
1741582463961 0.0509229339659214 32
1741582464402 0.04696068540215492 33
1741582464825 0.04467117413878441 34
1741582465243 0.0476812906563282 35
1741582465659 0.0423492006957531 36
1741582466088 0.05243926867842674 37
1741582466504 0.046093977987766266 38
1741582466923 0.043196894228458405 39
1741582467359 0.04288245737552643 40
1741582467803 0.043899212032556534 41
1741582468245 0.04058265686035156 42
1741582468657 0.03897975757718086 43
1741582469059 0.04123580455780029 44
1741582469479 0.036605942994356155 45
1741582469903 0.03490591049194336 46
1741582470305 0.03885404393076897 47
1741582470743 0.034833114594221115 48
1741582471180 0.03810226172208786 49
1741582471609 0.036187898367643356 50
1741582472021 0.03824280947446823 51
1741582472437 0.03132163733243942 52
1741582472838 0.03054523468017578 53
1741582473338 0.030599653720855713 54
1741582473804 0.051509007811546326 55
1741582474259 0.1342470794916153 56
1741582474724 0.37426674365997314 57
1741582475202 0.35077476501464844 58
1741582475674 0.24416005611419678 59
1741582476138 0.16331817209720612 60
1741582476592 0.14609001576900482 61
1741582477005 0.2804490923881531 62
1741582477445 0.3449207842350006 63
1741582477893 0.35404640436172485 64
1741582478357 0.2601618468761444 65
1741582478810 0.26188698410987854 66
1741582479242 0.23803044855594635 67
1741582479679 0.24912217259407043 68
1741582480114 0.2523191571235657 69
1741582480578 0.3236923813819885 70
1741582481005 0.24450327455997467 71
1741582481438 0.17359326779842377 72
1741582481909 0.1576497107744217 73
1741582482361 0.8448929786682129 74
1741582482821 0.339752197265625 75
1741582483266 0.3054948151111603 76
1741582483693 0.31132203340530396 77
1741582484128 0.20148524641990662 78
1741582484571 0.224765807390213 79
