1741582450761 1.1617555618286133 0
1741582451182 0.3245429992675781 1
1741582451588 0.2673300504684448 2
1741582451988 0.22006869316101074 3
1741582452398 0.220269113779068 4
1741582452800 0.21119453012943268 5
1741582453201 0.18607454001903534 6
1741582453604 0.15237854421138763 7
1741582454007 0.15312066674232483 8
1741582454407 0.13799184560775757 9
1741582454804 0.12770973145961761 10
1741582455209 0.11578232049942017 11
1741582455611 0.13276484608650208 12
1741582456011 0.11635182052850723 13
1741582456441 0.10601219534873962 14
1741582456862 0.10163822025060654 15
1741582457334 0.10856352746486664 16
1741582457758 0.1284668892621994 17
1741582458172 0.12754155695438385 18
1741582458593 0.11189158260822296 19
1741582459002 0.13511553406715393 20
1741582459405 0.1454164683818817 21
1741582459809 0.1269245594739914 22
1741582460222 0.12173712253570557 23
1741582460672 0.1229681745171547 24
1741582461071 0.14475323259830475 25
1741582461488 0.1684824675321579 26
1741582461901 0.12083494663238525 27
1741582462305 0.11802425980567932 28
1741582462721 0.11822640895843506 29
1741582463135 0.11428578197956085 30
1741582463547 0.1095561534166336 31
1741582463961 0.11027579754590988 32
1741582464402 0.09837732464075089 33
1741582464825 0.09287950396537781 34
1741582465243 0.09836524724960327 35
1741582465659 0.09786257892847061 36
1741582466088 0.1077982634305954 37
1741582466504 0.09866032749414444 38
1741582466923 0.09512747824192047 39
1741582467359 0.09764091670513153 40
1741582467803 0.09085845202207565 41
1741582468245 0.08545750379562378 42
1741582468657 0.08428168296813965 43
1741582469059 0.09308213740587234 44
1741582469479 0.08644303679466248 45
1741582469903 0.0806230753660202 46
1741582470305 0.08457599580287933 47
1741582470743 0.08387824892997742 48
1741582471180 0.09482850134372711 49
1741582471609 0.08740799874067307 50
1741582472021 0.09224962443113327 51
1741582472437 0.08214551955461502 52
1741582472838 0.08184090256690979 53
1741582473338 0.08754964917898178 54
1741582473804 0.11302105337381363 55
1741582474259 0.24229414761066437 56
1741582474724 0.3987884521484375 57
1741582475202 0.42062893509864807 58
1741582475674 0.3140392005443573 59
1741582476138 0.26041772961616516 60
1741582476592 0.235581636428833 61
1741582477005 0.3403353691101074 62
1741582477445 0.38410893082618713 63
1741582477893 0.39963299036026 64
1741582478357 0.3286421298980713 65
1741582478810 0.33120590448379517 66
1741582479242 0.3113325834274292 67
1741582479679 0.31296777725219727 68
1741582480114 0.32294192910194397 69
1741582480578 0.3800429105758667 70
1741582481005 0.31561189889907837 71
1741582481438 0.2843124568462372 72
1741582481909 0.2522432208061218 73
1741582482361 0.6794468760490417 74
1741582482821 0.375578373670578 75
1741582483266 0.3679368495941162 76
1741582483693 0.3828648626804352 77
1741582484128 0.30077141523361206 78
1741582484571 0.3067329525947571 79
