1741585118763 0.3129814863204956 0
1741585119229 0.1359112709760666 1
1741585119714 0.10161598771810532 2
1741585120163 0.08427659422159195 3
1741585120628 0.07394807040691376 4
1741585121083 0.06629040092229843 5
1741585121530 0.06015849858522415 6
1741585122010 0.05475709214806557 7
1741585122484 0.04994054511189461 8
1741585122950 0.04578728228807449 9
1741585123413 0.04196891933679581 10
1741585123866 0.038580574095249176 11
1741585124297 0.03537246584892273 12
1741585124771 0.032748427242040634 13
1741585125234 0.02990635484457016 14
1741585125715 0.029075605794787407 15
1741585126178 0.031212113797664642 16
1741585126644 0.025831451639533043 17
1741585127094 0.022324897348880768 18
1741585127546 0.019812658429145813 19
1741585127996 0.01746916025876999 20
1741585128445 0.016204465180635452 21
1741585128893 0.015475727617740631 22
1741585129361 0.01471003144979477 23
1741585129843 0.014097764156758785 24
1741585130320 0.01355968788266182 25
1741585130760 0.012631424702703953 26
1741585131210 0.01202822383493185 27
1741585131660 0.012255780398845673 28
1741585132111 0.012742511928081512 29
1741585132577 0.010662094689905643 30
1741585133029 0.008528409525752068 31
1741585133511 0.00784140545874834 32
1741585133990 0.007517788093537092 33
1741585134443 0.007057724054902792 34
1741585134897 0.006798785179853439 35
1741585135349 0.006543719209730625 36
1741585135802 0.006333708297461271 37
1741585136261 0.006139298900961876 38
1741585136709 0.005983025301247835 39
1741585137178 0.005762448534369469 40
1741585137660 0.005686245858669281 41
1741585138126 0.005583450198173523 42
1741585138578 0.005816115997731686 43
1741585139026 0.005469126161187887 44
1741585139496 0.005404860246926546 45
1741585139942 0.005052904132753611 46
1741585140416 0.004861192777752876 47
1741585140868 0.004807302262634039 48
1741585141327 0.004753449000418186 49
1741585141792 0.004737253300845623 50
1741585142257 0.004857999738305807 51
1741585142710 0.004453401546925306 52
1741585143159 0.004327690228819847 53
1741585143608 0.0041860733181238174 54
1741585144066 0.004264455288648605 55
1741585144524 0.004216091241687536 56
1741585144973 0.004202587530016899 57
1741585145427 0.004166398663073778 58
1741585145907 0.0042177047580480576 59
1741585146374 0.004137827083468437 60
1741585146824 0.0039042169228196144 61
1741585147257 0.0041360678151249886 62
1741585147724 0.0038495599292218685 63
1741585148191 0.003766773035749793 64
1741585148639 0.0038418800104409456 65
1741585149099 0.0036143555771559477 66
1741585149573 0.0034602785017341375 67
1741585150041 0.0034505780786275864 68
1741585150490 0.0034237655345350504 69
1741585150939 0.003445111447945237 70
1741585151389 0.0036724195815622807 71
1741585151838 0.0036356456112116575 72
1741585152301 0.0037385921459645033 73
1741585152741 0.003345211734995246 74
1741585153190 0.0032564743887633085 75
1741585153660 0.003286199178546667 76
1741585154128 0.003179056802764535 77
1741585154614 0.0032199055422097445 78
1741585155130 0.003255989635363221 79
