1741585118763 0.35867834091186523 0
1741585119229 0.19716379046440125 1
1741585119714 0.1614869236946106 2
1741585120163 0.14404553174972534 3
1741585120628 0.13119162619113922 4
1741585121083 0.12349042296409607 5
1741585121530 0.11759795993566513 6
1741585122010 0.11195822060108185 7
1741585122484 0.10648100823163986 8
1741585122950 0.1022917777299881 9
1741585123413 0.09755885601043701 10
1741585123866 0.0953170657157898 11
1741585124297 0.09170480072498322 12
1741585124771 0.09189444035291672 13
1741585125234 0.08710544556379318 14
1741585125715 0.08893033862113953 15
1741585126178 0.10235068947076797 16
1741585126644 0.0831848680973053 17
1741585127094 0.07807252556085587 18
1741585127546 0.07508783787488937 19
1741585127996 0.06936396658420563 20
1741585128445 0.06637036800384521 21
1741585128893 0.06494469195604324 22
1741585129361 0.06286288797855377 23
1741585129843 0.06191936880350113 24
1741585130320 0.06140170618891716 25
1741585130760 0.05984032154083252 26
1741585131210 0.06081516668200493 27
1741585131660 0.06346997618675232 28
1741585132111 0.06814177334308624 29
1741585132577 0.06728534400463104 30
1741585133029 0.054492779076099396 31
1741585133511 0.050843287259340286 32
1741585133990 0.04958115890622139 33
1741585134443 0.04773075133562088 34
1741585134897 0.04664815589785576 35
1741585135349 0.045292481780052185 36
1741585135802 0.04489293321967125 37
1741585136261 0.04460878670215607 38
1741585136709 0.044061604887247086 39
1741585137178 0.04287123307585716 40
1741585137660 0.042916230857372284 41
1741585138126 0.042658183723688126 42
1741585138578 0.04529821500182152 43
1741585139026 0.043143514543771744 44
1741585139496 0.043076664209365845 45
1741585139942 0.04059789702296257 46
1741585140416 0.03932113200426102 47
1741585140868 0.03909822180867195 48
1741585141327 0.03898228704929352 49
1741585141792 0.03956131637096405 50
1741585142257 0.04052182659506798 51
1741585142710 0.03797677904367447 52
1741585143159 0.03636392951011658 53
1741585143608 0.035865552723407745 54
1741585144066 0.036607254296541214 55
1741585144524 0.03648672252893448 56
1741585144973 0.03651205822825432 57
1741585145427 0.03658293932676315 58
1741585145907 0.037046466022729874 59
1741585146374 0.03638850152492523 60
1741585146824 0.03508354350924492 61
1741585147257 0.03684448450803757 62
1741585147724 0.034617096185684204 63
1741585148191 0.034360505640506744 64
1741585148639 0.035632114857435226 65
1741585149099 0.03332099691033363 66
1741585149573 0.031269621104002 67
1741585150041 0.031411245465278625 68
1741585150490 0.03145021200180054 69
1741585150939 0.03197059780359268 70
1741585151389 0.03476330265402794 71
1741585151838 0.035111527889966965 72
1741585152301 0.035334814339876175 73
1741585152741 0.03220054507255554 74
1741585153190 0.030315352603793144 75
1741585153660 0.030935771763324738 76
1741585154128 0.029988737776875496 77
1741585154614 0.030111834406852722 78
1741585155130 0.03108896315097809 79
