1741582592645 0.39063021540641785 0
1741582593057 0.14370490610599518 1
1741582593458 0.10914894938468933 2
1741582593858 0.09246134012937546 3
1741582594284 0.0811849981546402 4
1741582594708 0.07327663898468018 5
1741582595126 0.06723365932703018 6
1741582595520 0.0619964674115181 7
1741582595931 0.05750133842229843 8
1741582596333 0.05396478623151779 9
1741582596734 0.050502389669418335 10
1741582597134 0.0485055074095726 11
1741582597542 0.045226089656353 12
1741582597968 0.04266783967614174 13
1741582598382 0.043159984052181244 14
1741582598776 0.04311851039528847 15
1741582599189 0.039998285472393036 16
1741582599592 0.037073418498039246 17
1741582600006 0.03521456941962242 18
1741582600409 0.03347374126315117 19
1741582600808 0.031373534351587296 20
1741582601207 0.029794886708259583 21
1741582601611 0.02909044176340103 22
1741582602025 0.026736928150057793 23
1741582602443 0.027583938091993332 24
1741582602850 0.024883881211280823 25
1741582603239 0.02256828546524048 26
1741582603639 0.020881544798612595 27
1741582604056 0.019351720809936523 28
1741582604460 0.018849357962608337 29
1741582604856 0.017934288829565048 30
1741582605287 0.016263741999864578 31
1741582605706 0.014264005236327648 32
1741582606122 0.01295460294932127 33
1741582606522 0.011769666336476803 34
1741582606923 0.010980258695781231 35
1741582607322 0.0097306864336133 36
1741582607722 0.009877674281597137 37
1741582608142 0.009786006063222885 38
1741582608539 0.008712545037269592 39
1741582608939 0.008561868220567703 40
1741582609356 0.0075424048118293285 41
1741582609772 0.007246697321534157 42
1741582610189 0.007055963389575481 43
1741582610589 0.0072400569915771484 44
1741582610993 0.006770936306566 45
1741582611392 0.0065049948170781136 46
1741582611800 0.006215881090611219 47
1741582612193 0.006250613369047642 48
1741582612606 0.00649961968883872 49
1741582613023 0.011780687607824802 50
1741582613438 0.008774220012128353 51
1741582613838 0.006665914319455624 52
1741582614239 0.005621357820928097 53
1741582614640 0.005492896307259798 54
1741582615043 0.0054900506511330605 55
1741582615466 0.0054694414138793945 56
1741582615856 0.0050360881723463535 57
1741582616256 0.004950348753482103 58
1741582616688 0.004856777377426624 59
1741582617106 0.004701076541095972 60
1741582617526 0.004644546192139387 61
1741582617927 0.004537804052233696 62
1741582618323 0.004561851266771555 63
1741582618737 0.0045342594385147095 64
1741582619138 0.00450767669826746 65
1741582619542 0.004336798097938299 66
1741582619986 0.004296428058296442 67
1741582620458 0.0043536340817809105 68
1741582620909 0.004626160021871328 69
1741582621359 0.004240233916789293 70
1741582621810 0.004072729032486677 71
1741582622250 0.004020484630018473 72
1741582622677 0.004058897495269775 73
1741582623109 0.004123058635741472 74
1741582623575 0.0038893637247383595 75
1741582624023 0.0038019942585378885 76
1741582624491 0.0037452084943652153 77
1741582624925 0.003777621313929558 78
1741582625339 0.0037635168991982937 79
