1741582592645 0.39823266863822937 0
1741582593057 0.20686927437782288 1
1741582593458 0.1664360910654068 2
1741582593858 0.14969894289970398 3
1741582594284 0.13746428489685059 4
1741582594708 0.1301335096359253 5
1741582595126 0.12562547624111176 6
1741582595520 0.1206357404589653 7
1741582595931 0.11668775230646133 8
1741582596333 0.11279616504907608 9
1741582596734 0.10851269215345383 10
1741582597134 0.10907286405563354 11
1741582597542 0.10218563675880432 12
1741582597968 0.09821205586194992 13
1741582598382 0.09970778226852417 14
1741582598776 0.10289780795574188 15
1741582599189 0.09876647591590881 16
1741582599592 0.09246503561735153 17
1741582600006 0.09075979888439178 18
1741582600409 0.087641142308712 19
1741582600808 0.08462860435247421 20
1741582601207 0.08440080285072327 21
1741582601611 0.08304446190595627 22
1741582602025 0.08171535283327103 23
1741582602443 0.08278170973062515 24
1741582602850 0.08041342347860336 25
1741582603239 0.07787686586380005 26
1741582603639 0.07398972660303116 27
1741582604056 0.07258191704750061 28
1741582604460 0.07226484268903732 29
1741582604856 0.07085417211055756 30
1741582605287 0.06726563721895218 31
1741582605706 0.0631251111626625 32
1741582606122 0.060429688543081284 33
1741582606522 0.058902207762002945 34
1741582606923 0.05820942297577858 35
1741582607322 0.05495966970920563 36
1741582607722 0.058107439428567886 37
1741582608142 0.05741744861006737 38
1741582608539 0.0538020022213459 39
1741582608939 0.05337732657790184 40
1741582609356 0.048888180404901505 41
1741582609772 0.047607842832803726 42
1741582610189 0.047049570828676224 43
1741582610589 0.04790281876921654 44
1741582610993 0.04636455699801445 45
1741582611392 0.04597296938300133 46
1741582611800 0.044014930725097656 47
1741582612193 0.04489913582801819 48
1741582612606 0.04649408906698227 49
1741582613023 0.068936787545681 50
1741582613438 0.057110995054244995 51
1741582613838 0.048517677932977676 52
1741582614239 0.0418795645236969 53
1741582614640 0.04108063131570816 54
1741582615043 0.04138685762882233 55
1741582615466 0.04372784122824669 56
1741582615856 0.038336094468832016 57
1741582616256 0.03804687410593033 58
1741582616688 0.03750396892428398 59
1741582617106 0.03713680058717728 60
1741582617526 0.03659285977482796 61
1741582617927 0.0357731357216835 62
1741582618323 0.03634006902575493 63
1741582618737 0.03747212886810303 64
1741582619138 0.03704078495502472 65
1741582619542 0.0362398698925972 66
1741582619986 0.03535691648721695 67
1741582620458 0.0365205854177475 68
1741582620909 0.039660628885030746 69
1741582621359 0.0364115834236145 70
1741582621810 0.03468203544616699 71
1741582622250 0.03383375704288483 72
1741582622677 0.034773267805576324 73
1741582623109 0.03560575097799301 74
1741582623575 0.03359673544764519 75
1741582624023 0.03242452070116997 76
1741582624491 0.03231625258922577 77
1741582624925 0.033475156873464584 78
1741582625339 0.03320774808526039 79
