1741587458475 0.32384228706359863 0
1741587458871 0.13334959745407104 1
1741587459271 0.10161784291267395 2
1741587459692 0.08540953695774078 3
1741587460096 0.07447921484708786 4
1741587460510 0.06646866351366043 5
1741587460927 0.06005607172846794 6
1741587461358 0.05461949110031128 7
1741587461760 0.05015423521399498 8
1741587462161 0.046759482473134995 9
1741587462577 0.044045742601156235 10
1741587462981 0.040564313530921936 11
1741587463373 0.03832870349287987 12
1741587463773 0.03606226295232773 13
1741587464171 0.03643050789833069 14
1741587464625 0.03290436044335365 15
1741587465034 0.03161819279193878 16
1741587465451 0.028540024533867836 17
1741587465887 0.027269119396805763 18
1741587466304 0.025314046069979668 19
1741587466720 0.02291986718773842 20
1741587467122 0.02042040228843689 21
1741587467523 0.019076721742749214 22
1741587467924 0.01783265545964241 23
1741587468324 0.02367096021771431 24
1741587468742 0.015520629473030567 25
1741587469214 0.012692377902567387 26
1741587469726 0.011048851534724236 27
1741587470254 0.009971302933990955 28
1741587470778 0.009340936318039894 29
1741587471292 0.0087785879150033 30
1741587471799 0.00828524399548769 31
1741587472301 0.008200934156775475 32
1741587472827 0.008095923811197281 33
1741587473337 0.007522260770201683 34
1741587473882 0.007259505335241556 35
1741587474407 0.007348163984715939 36
1741587474917 0.006830207537859678 37
1741587475433 0.006565216463059187 38
1741587475931 0.006337301339954138 39
1741587476457 0.006375748664140701 40
1741587476963 0.006082890555262566 41
1741587477468 0.006003677845001221 42
1741587477975 0.005849041976034641 43
1741587478497 0.005588439293205738 44
1741587479019 0.005686596501618624 45
1741587479525 0.006427454762160778 46
1741587480031 0.005313233006745577 47
1741587480537 0.0050414386205375195 48
1741587481059 0.0049813855439424515 49
1741587481591 0.0047895838506519794 50
1741587482100 0.004963435232639313 51
1741587482608 0.004723436199128628 52
1741587483130 0.004998921416699886 53
1741587483649 0.004714672919362783 54
1741587484166 0.004562852438539267 55
1741587484680 0.004449264612048864 56
1741587485189 0.004308078438043594 57
1741587485710 0.004306900780647993 58
1741587486224 0.004340872634202242 59
1741587486738 0.004179222509264946 60
1741587487252 0.004730486311018467 61
1741587487785 0.004761067684739828 62
1741587488309 0.008264850825071335 63
1741587488824 0.0076937200501561165 64
1741587489340 0.004357585683465004 65
1741587489849 0.003906274680048227 66
1741587490379 0.003799793077632785 67
1741587490904 0.0037537298630923033 68
1741587491427 0.0038007237017154694 69
1741587491938 0.0036424442660063505 70
1741587492445 0.003691799007356167 71
1741587492953 0.003758098930120468 72
1741587493476 0.0035588627215474844 73
1741587493989 0.003513788804411888 74
1741587494506 0.003480480285361409 75
1741587495025 0.003432503202930093 76
1741587495538 0.003507001558318734 77
1741587496058 0.0034636426717042923 78
1741587496565 0.003339311107993126 79
