1741587458475 0.3487326204776764 0
1741587458871 0.19466425478458405 1
1741587459271 0.16114825010299683 2
1741587459692 0.14099356532096863 3
1741587460096 0.12990544736385345 4
1741587460510 0.12441124767065048 5
1741587460927 0.11772886663675308 6
1741587461358 0.11246051639318466 7
1741587461760 0.10736735165119171 8
1741587462161 0.10326556861400604 9
1741587462577 0.10215671360492706 10
1741587462981 0.09697496891021729 11
1741587463373 0.09315904229879379 12
1741587463773 0.09088437259197235 13
1741587464171 0.094790019094944 14
1741587464625 0.08810999989509583 15
1741587465034 0.08773011714220047 16
1741587465451 0.08400164544582367 17
1741587465887 0.0837140902876854 18
1741587466304 0.08217070996761322 19
1741587466720 0.079740971326828 20
1741587467122 0.07635311037302017 21
1741587467523 0.07500521838665009 22
1741587467924 0.07440267503261566 23
1741587468324 0.09795176982879639 24
1741587468742 0.07314743846654892 25
1741587469214 0.06320714205503464 26
1741587469726 0.058181580156087875 27
1741587470254 0.0554683618247509 28
1741587470778 0.05363531783223152 29
1741587471292 0.05240178108215332 30
1741587471799 0.050845470279455185 31
1741587472301 0.05114592984318733 32
1741587472827 0.05140683799982071 33
1741587473337 0.04877352714538574 34
1741587473882 0.04751778766512871 35
1741587474407 0.04860009253025055 36
1741587474917 0.046491529792547226 37
1741587475433 0.04486536234617233 38
1741587475931 0.0439039021730423 39
1741587476457 0.04461732879281044 40
1741587476963 0.04351198300719261 41
1741587477468 0.04296569898724556 42
1741587477975 0.04268021881580353 43
1741587478497 0.04080701991915703 44
1741587479019 0.04204811900854111 45
1741587479525 0.046503711491823196 46
1741587480031 0.03954913094639778 47
1741587480537 0.03782198578119278 48
1741587481059 0.03758101537823677 49
1741587481591 0.03671645373106003 50
1741587482100 0.03832121565937996 51
1741587482608 0.03682024031877518 52
1741587483130 0.03944215178489685 53
1741587483649 0.03755389526486397 54
1741587484166 0.036356400698423386 55
1741587484680 0.035332225263118744 56
1741587485189 0.03419315069913864 57
1741587485710 0.034939881414175034 58
1741587486224 0.035139307379722595 59
1741587486738 0.03417005389928818 60
1741587487252 0.03860278055071831 61
1741587487785 0.03930405154824257 62
1741587488309 0.058328334242105484 63
1741587488824 0.051018886268138885 64
1741587489340 0.03596843406558037 65
1741587489849 0.032474543899297714 66
1741587490379 0.03172504901885986 67
1741587490904 0.031055385246872902 68
1741587491427 0.03185209259390831 69
1741587491938 0.030342768877744675 70
1741587492445 0.03164537996053696 71
1741587492953 0.03305502235889435 72
1741587493476 0.030085135251283646 73
1741587493989 0.029814384877681732 74
1741587494506 0.030324390158057213 75
1741587495025 0.029417093843221664 76
1741587495538 0.03107074461877346 77
1741587496058 0.031009741127490997 78
1741587496565 0.028614027425646782 79
