1741581891508 0.35934871435165405 0
1741581891877 0.13048821687698364 1
1741581892260 0.10031215101480484 2
1741581892635 0.08579075336456299 3
1741581893021 0.07535137236118317 4
1741581893408 0.06801566481590271 5
1741581893807 0.062090106308460236 6
1741581894181 0.05688193067908287 7
1741581894552 0.05274321511387825 8
1741581894935 0.048949308693408966 9
1741581895290 0.045679543167352676 10
1741581895671 0.04277164861559868 11
1741581896053 0.04210270941257477 12
1741581896424 0.03873158618807793 13
1741581896794 0.036489397287368774 14
1741581897193 0.034491684287786484 15
1741581897575 0.03290806710720062 16
1741581897971 0.034302446991205215 17
1741581898341 0.03171922266483307 18
1741581898708 0.031020348891615868 19
1741581899097 0.027286503463983536 20
1741581899468 0.025183647871017456 21
1741581899839 0.027506982907652855 22
1741581900208 0.025374723598361015 23
1741581900575 0.022128626704216003 24
1741581900938 0.02005099691450596 25
1741581901325 0.019892757758498192 26
1741581901721 0.019289663061499596 27
1741581902116 0.01814153976738453 28
1741581902491 0.018286017701029778 29
1741581902859 0.017966486513614655 30
1741581903231 0.015855228528380394 31
1741581903605 0.014950252138078213 32
1741581903974 0.014150604605674744 33
1741581904339 0.013621054589748383 34
1741581904705 0.013112684711813927 35
1741581905092 0.012476563453674316 36
1741581905491 0.011603686027228832 37
1741581905889 0.010869821533560753 38
1741581906270 0.009835328906774521 39
1741581906622 0.009203476831316948 40
1741581907006 0.010004489682614803 41
1741581907380 0.009938356466591358 42
1741581907738 0.008824104443192482 43
1741581908105 0.007948742248117924 44
1741581908488 0.008039773441851139 45
1741581908855 0.007907986640930176 46
1741581909250 0.0073969392105937 47
1741581909640 0.007751583121716976 48
1741581910026 0.009968403726816177 49
1741581910398 0.009217005223035812 50
1741581910777 0.007258768659085035 51
1741581911140 0.006675708573311567 52
1741581911526 0.006436652969568968 53
1741581911891 0.006236771587282419 54
1741581912271 0.006127764005213976 55
1741581912640 0.00598677434027195 56
1741581913005 0.005866316147148609 57
1741581913383 0.005831788759678602 58
1741581913776 0.005822498816996813 59
1741581914155 0.006061659660190344 60
1741581914567 0.005625782534480095 61
1741581914921 0.005334594286978245 62
1741581915305 0.005395327229052782 63
1741581915676 0.005123741924762726 64
1741581916056 0.005088626407086849 65
1741581916423 0.005106017459183931 66
1741581916792 0.0053121610544621944 67
1741581917158 0.00547692459076643 68
1741581917547 0.004963628016412258 69
1741581917956 0.0047917962074279785 70
1741581918342 0.004737360402941704 71
1741581918704 0.004555606283247471 72
1741581919082 0.004690797068178654 73
1741581919438 0.004827548749744892 74
1741581919804 0.004767056088894606 75
1741581920192 0.004482659976929426 76
1741581920574 0.004363801330327988 77
1741581920991 0.004371673800051212 78
1741581921405 0.004400885663926601 79
