1741581891508 0.367954283952713 0
1741581891877 0.19768494367599487 1
1741581892260 0.15887528657913208 2
1741581892635 0.14503373205661774 3
1741581893021 0.13116015493869781 4
1741581893408 0.1239316463470459 5
1741581893807 0.11846968531608582 6
1741581894181 0.1127869039773941 7
1741581894552 0.1097148135304451 8
1741581894935 0.10472119599580765 9
1741581895290 0.10372435301542282 10
1741581895671 0.09794797003269196 11
1741581896053 0.09892553836107254 12
1741581896424 0.09362898766994476 13
1741581896794 0.0922403484582901 14
1741581897193 0.09017841517925262 15
1741581897575 0.08666637539863586 16
1741581897971 0.0910683125257492 17
1741581898341 0.08838585764169693 18
1741581898708 0.0864282101392746 19
1741581899097 0.08352813869714737 20
1741581899468 0.08137604594230652 21
1741581899839 0.0902872234582901 22
1741581900208 0.08278945088386536 23
1741581900575 0.07947168499231339 24
1741581900938 0.07331153005361557 25
1741581901325 0.07454457134008408 26
1741581901721 0.07430118322372437 27
1741581902116 0.07147213071584702 28
1741581902491 0.07102008163928986 29
1741581902859 0.07341132313013077 30
1741581903231 0.06573990732431412 31
1741581903605 0.06290071457624435 32
1741581903974 0.060346849262714386 33
1741581904339 0.059916868805885315 34
1741581904705 0.059759099036455154 35
1741581905092 0.05961979925632477 36
1741581905491 0.059113163501024246 37
1741581905889 0.05649952217936516 38
1741581906270 0.05492611229419708 39
1741581906622 0.05296960845589638 40
1741581907006 0.05999759957194328 41
1741581907380 0.05747799947857857 42
1741581907738 0.05394936352968216 43
1741581908105 0.049842383712530136 44
1741581908488 0.05100700259208679 45
1741581908855 0.05009841173887253 46
1741581909250 0.048493169248104095 47
1741581909640 0.04999583959579468 48
1741581910026 0.06156299263238907 49
1741581910398 0.05922167748212814 50
1741581910777 0.04984528198838234 51
1741581911140 0.04538751021027565 52
1741581911526 0.04510655626654625 53
1741581911891 0.04307930916547775 54
1741581912271 0.042532194405794144 55
1741581912640 0.042595040053129196 56
1741581913005 0.04188074171543121 57
1741581913383 0.042576804757118225 58
1741581913776 0.042336322367191315 59
1741581914155 0.04549608752131462 60
1741581914567 0.041810229420661926 61
1741581914921 0.03951910510659218 62
1741581915305 0.04017682746052742 63
1741581915676 0.03871764987707138 64
1741581916056 0.038561563938856125 65
1741581916423 0.039040010422468185 66
1741581916792 0.041124626994132996 67
1741581917158 0.04107755050063133 68
1741581917547 0.03927643969655037 69
1741581917956 0.03814828395843506 70
1741581918342 0.03695269301533699 71
1741581918704 0.036157477647066116 72
1741581919082 0.03778316080570221 73
1741581919438 0.038553398102521896 74
1741581919804 0.03809100016951561 75
1741581920192 0.037196483463048935 76
1741581920574 0.03544953465461731 77
1741581920991 0.0355241522192955 78
1741581921405 0.036523230373859406 79
