1741580789066 0.41418418288230896 0
1741580789529 0.17327867448329926 1
1741580790012 0.12871460616588593 2
1741580790490 0.10967294871807098 3
1741580790974 0.09752211719751358 4
1741580791457 0.08470693975687027 5
1741580791942 0.07575655728578568 6
1741580792457 0.0687154158949852 7
1741580792956 0.06256416440010071 8
1741580793429 0.05746833235025406 9
1741580793911 0.0563465841114521 10
1741580794374 0.05122708901762962 11
1741580794842 0.048173412680625916 12
1741580795347 0.04606343433260918 13
1741580795849 0.043787553906440735 14
1741580796374 0.04314306750893593 15
1741580796873 0.043291084468364716 16
1741580797368 0.03976557403802872 17
1741580797833 0.037346236407756805 18
1741580798308 0.03585607931017876 19
1741580798778 0.034221526235342026 20
1741580799249 0.031247086822986603 21
1741580799718 0.029569366946816444 22
1741580800195 0.029591459780931473 23
1741580800692 0.02688363939523697 24
1741580801181 0.024583643302321434 25
1741580801644 0.022173766046762466 26
1741580802110 0.021712355315685272 27
1741580802577 0.019420765340328217 28
1741580803056 0.018235240131616592 29
1741580803523 0.017435211688280106 30
1741580804006 0.016976313665509224 31
1741580804494 0.018772756680846214 32
1741580804995 0.015908291563391685 33
1741580805493 0.013840858824551105 34
1741580805956 0.013493520207703114 35
1741580806420 0.01267332211136818 36
1741580806890 0.012282080948352814 37
1741580807345 0.0116847800090909 38
1741580807808 0.010586483404040337 39
1741580808272 0.010387146845459938 40
1741580808772 0.009794875048100948 41
1741580809294 0.008850155398249626 42
1741580809761 0.008875437080860138 43
1741580810223 0.008278202265501022 44
1741580810678 0.007977134548127651 45
1741580811140 0.0075579979456961155 46
1741580811622 0.007323120720684528 47
1741580812095 0.007942218333482742 48
1741580812580 0.009463527239859104 49
1741580813058 0.009403371252119541 50
1741580813543 0.007999776862561703 51
1741580814012 0.007059742696583271 52
1741580814474 0.006632015574723482 53
1741580814946 0.006214328110218048 54
1741580815457 0.006077212747186422 55
1741580815939 0.0059993676841259 56
1741580816442 0.006064937449991703 57
1741580816992 0.005701003130525351 58
1741580817541 0.005567322950810194 59
