1741580789066 0.41164541244506836 0
1741580789529 0.23772181570529938 1
1741580790012 0.18657740950584412 2
1741580790490 0.17219766974449158 3
1741580790974 0.15846946835517883 4
1741580791457 0.14473788440227509 5
1741580791942 0.13583844900131226 6
1741580792457 0.12788768112659454 7
1741580792956 0.12232223153114319 8
1741580793429 0.11820702999830246 9
1741580793911 0.11687581241130829 10
1741580794374 0.11239999532699585 11
1741580794842 0.10653167963027954 12
1741580795347 0.10385806858539581 13
1741580795849 0.1021590456366539 14
1741580796374 0.10245134681463242 15
1741580796873 0.10097966343164444 16
1741580797368 0.0943755954504013 17
1741580797833 0.09119632095098495 18
1741580798308 0.09009760618209839 19
1741580798778 0.09014634042978287 20
1741580799249 0.08723058551549911 21
1741580799718 0.08562302589416504 22
1741580800195 0.08867783099412918 23
1741580800692 0.0863884910941124 24
1741580801181 0.08249827474355698 25
1741580801644 0.08045993745326996 26
1741580802110 0.07934784889221191 27
1741580802577 0.07684366405010223 28
1741580803056 0.07292478531599045 29
1741580803523 0.0721767470240593 30
1741580804006 0.07219404727220535 31
1741580804494 0.07670088857412338 32
1741580804995 0.07131237536668777 33
1741580805493 0.06486853957176208 34
1741580805956 0.06566689908504486 35
1741580806420 0.0632411316037178 36
1741580806890 0.06345031410455704 37
1741580807345 0.06240556016564369 38
1741580807808 0.0582968071103096 39
1741580808272 0.05708498880267143 40
1741580808772 0.056226179003715515 41
1741580809294 0.05313471704721451 42
1741580809761 0.05340829864144325 43
1741580810223 0.05199222266674042 44
1741580810678 0.05061418563127518 45
1741580811140 0.04891694337129593 46
1741580811622 0.04818175733089447 47
1741580812095 0.05158688873052597 48
1741580812580 0.0595356710255146 49
1741580813058 0.059132978320121765 50
1741580813543 0.05515754595398903 51
1741580814012 0.04866204783320427 52
1741580814474 0.04681619256734848 53
1741580814946 0.04516251012682915 54
1741580815457 0.0444972887635231 55
1741580815939 0.04385555535554886 56
1741580816442 0.044839046895504 57
1741580816992 0.042806509882211685 58
1741580817541 0.04186427220702171 59
