1741582158920 0.42449313402175903 0
1741582159222 0.17294754087924957 1
1741582159523 0.11831699311733246 2
1741582159821 0.09911941736936569 3
1741582160139 0.08927223086357117 4
1741582160441 0.07997777312994003 5
1741582160739 0.07183244079351425 6
1741582161053 0.06643908470869064 7
1741582161353 0.06220947951078415 8
1741582161655 0.05813063308596611 9
1741582161953 0.054821595549583435 10
1741582162257 0.05179755762219429 11
1741582162570 0.0491219125688076 12
1741582162875 0.0468294732272625 13
1741582163170 0.04468311369419098 14
1741582163473 0.04255136847496033 15
1741582163775 0.04027530550956726 16
1741582164070 0.038408312946558 17
1741582164370 0.03743284195661545 18
1741582164670 0.03526034578680992 19
1741582164979 0.032863955944776535 20
1741582165277 0.031114347279071808 21
1741582165574 0.03030151128768921 22
1741582165888 0.029059061780571938 23
1741582166191 0.027465324848890305 24
1741582166506 0.02641804702579975 25
1741582166807 0.024148834869265556 26
1741582167107 0.02295638993382454 27
1741582167409 0.021566418930888176 28
1741582167710 0.020760968327522278 29
1741582168023 0.01969064585864544 30
1741582168320 0.019412219524383545 31
1741582168617 0.018096022307872772 32
1741582168907 0.017618661746382713 33
1741582169204 0.016444221138954163 34
1741582169523 0.015307187102735043 35
1741582169842 0.014179746620357037 36
1741582170139 0.019151000306010246 37
1741582170456 0.017056526616215706 38
1741582170755 0.014554842375218868 39
1741582171059 0.012254906818270683 40
1741582171365 0.011658377014100552 41
1741582171663 0.010832048021256924 42
1741582171962 0.010351069271564484 43
1741582172261 0.009941119700670242 44
1741582172556 0.0104979844763875 45
1741582172855 0.011583884246647358 46
1741582173161 0.009743597358465195 47
1741582173464 0.008796807378530502 48
1741582173775 0.008554225787520409 49
1741582174090 0.00812548864632845 50
1741582174390 0.007821433246135712 51
1741582174687 0.008162092417478561 52
1741582175005 0.007617724593728781 53
1741582175312 0.007115454878658056 54
1741582175607 0.006988874636590481 55
1741582175921 0.006815728265792131 56
1741582176225 0.006574421655386686 57
1741582176520 0.006907339207828045 58
1741582176822 0.006979929283261299 59
1741582177123 0.006255466025322676 60
1741582177424 0.006276807282119989 61
1741582177730 0.005786504130810499 62
1741582178037 0.005694831721484661 63
1741582178339 0.0057134064845740795 64
1741582178653 0.005375609267503023 65
1741582178953 0.005352675914764404 66
1741582179268 0.0052289776504039764 67
1741582179567 0.005490698851644993 68
1741582179873 0.005551464390009642 69
1741582180170 0.0051187388598918915 70
1741582180470 0.004831152502447367 71
1741582180767 0.004993984010070562 72
1741582181064 0.004998324438929558 73
1741582181355 0.004876194521784782 74
1741582181657 0.004668139852583408 75
1741582181974 0.005020847078412771 76
1741582182289 0.004656607285141945 77
1741582182606 0.004536509979516268 78
1741582182915 0.004386411514133215 79
