1741582158920 0.4210718274116516 0
1741582159222 0.24545501172542572 1
1741582159523 0.17566561698913574 2
1741582159821 0.15557192265987396 3
1741582160139 0.14807747304439545 4
1741582160441 0.1380498707294464 5
1741582160739 0.12598605453968048 6
1741582161053 0.12031647562980652 7
1741582161353 0.11650263518095016 8
1741582161655 0.11266720294952393 9
1741582161953 0.10975070297718048 10
1741582162257 0.10646720230579376 11
1741582162570 0.10338207334280014 12
1741582162875 0.10053340345621109 13
1741582163170 0.0990811362862587 14
1741582163473 0.09654386341571808 15
1741582163775 0.09338601678609848 16
1741582164070 0.09081687033176422 17
1741582164370 0.09086879342794418 18
1741582164670 0.0876879170536995 19
1741582164979 0.08576532453298569 20
1741582165277 0.084000363945961 21
1741582165574 0.08211681991815567 22
1741582165888 0.08202923089265823 23
1741582166191 0.08016407489776611 24
1741582166506 0.07919763773679733 25
1741582166807 0.07608379423618317 26
1741582167107 0.07523065060377121 27
1741582167409 0.07405868172645569 28
1741582167710 0.0732615515589714 29
1741582168023 0.07116048038005829 30
1741582168320 0.07186707109212875 31
1741582168617 0.0693092867732048 32
1741582168907 0.070619598031044 33
1741582169204 0.06775600463151932 34
1741582169523 0.0646614283323288 35
1741582169842 0.06271529942750931 36
1741582170139 0.07369767874479294 37
1741582170456 0.0700148493051529 38
1741582170755 0.06763145327568054 39
1741582171059 0.05964871495962143 40
1741582171365 0.059361279010772705 41
1741582171663 0.056799232959747314 42
1741582171962 0.05576687678694725 43
1741582172261 0.05522478371858597 44
1741582172556 0.05665327236056328 45
1741582172855 0.062242038547992706 46
1741582173161 0.05536993220448494 47
1741582173464 0.052482668310403824 48
1741582173775 0.05276394635438919 49
1741582174090 0.05160609260201454 50
1741582174390 0.050189144909381866 51
1741582174687 0.05200998857617378 52
1741582175005 0.05068370699882507 53
1741582175312 0.048159897327423096 54
1741582175607 0.04785908758640289 55
1741582175921 0.047109778970479965 56
1741582176225 0.04605432227253914 57
1741582176520 0.047653358429670334 58
1741582176822 0.04829450324177742 59
1741582177123 0.0451861172914505 60
1741582177424 0.04627301171422005 61
1741582177730 0.04277212545275688 62
1741582178037 0.042559389024972916 63
1741582178339 0.043363090604543686 64
1741582178653 0.041079577058553696 65
1741582178953 0.04086575284600258 66
1741582179268 0.04050798714160919 67
1741582179567 0.04222806170582771 68
1741582179873 0.04221317917108536 69
1741582180170 0.040043629705905914 70
1741582180470 0.03850175067782402 71
1741582180767 0.03992576152086258 72
1741582181064 0.03984703868627548 73
1741582181355 0.03934742510318756 74
1741582181657 0.03755359724164009 75
1741582181974 0.040107522159814835 76
1741582182289 0.038344766944646835 77
1741582182606 0.03717690706253052 78
1741582182915 0.03620195388793945 79
