1741580854725 0.4500983953475952 0
1741580855195 0.2073730230331421 1
1741580855674 0.137140154838562 2
1741580856179 0.11101344227790833 3
1741580856645 0.09560875594615936 4
1741580857116 0.08367398381233215 5
1741580857581 0.07386814057826996 6
1741580858045 0.06631533801555634 7
1741580858496 0.060376644134521484 8
1741580858977 0.05591307580471039 9
1741580859461 0.05120261013507843 10
1741580859959 0.04817519709467888 11
1741580860422 0.04501369222998619 12
1741580860879 0.04118877276778221 13
1741580861343 0.041266411542892456 14
1741580861793 0.03826034069061279 15
1741580862256 0.033928822726011276 16
1741580862727 0.03152818977832794 17
1741580863192 0.03015827387571335 18
1741580863672 0.026251038536429405 19
1741580864144 0.024485843256115913 20
1741580864628 0.02399870567023754 21
1741580865088 0.02207915298640728 22
1741580865560 0.02004345878958702 23
1741580866008 0.01786459982395172 24
1741580866474 0.01664448156952858 25
1741580866925 0.01517365500330925 26
1741580867421 0.013737686909735203 27
1741580867907 0.012865133583545685 28
1741580868389 0.015362105332314968 29
1741580868842 0.011817698366940022 30
1741580869320 0.010535401292145252 31
1741580869773 0.009756606072187424 32
1741580870241 0.009114774875342846 33
1741580870690 0.00990864634513855 34
1741580871157 0.00952804833650589 35
1741580871656 0.00826641358435154 36
1741580872148 0.00791330449283123 37
1741580872607 0.007502682041376829 38
1741580873086 0.007503327447921038 39
1741580873539 0.007176062557846308 40
1741580874010 0.00672456668689847 41
1741580874455 0.006487082690000534 42
1741580874931 0.006760900840163231 43
1741580875389 0.006597350817173719 44
1741580875870 0.006789008621126413 45
1741580876363 0.009591578505933285 46
1741580876832 0.006976781412959099 47
1741580877301 0.006100766826421022 48
1741580877793 0.005806310568004847 49
1741580878321 0.005592604633420706 50
1741580878820 0.00550874974578619 51
1741580879307 0.005311253946274519 52
1741580879797 0.005384599789977074 53
1741580880316 0.005291601177304983 54
1741580880883 0.005169845186173916 55
1741580881400 0.005052756983786821 56
1741580881883 0.00521210627630353 57
1741580882378 0.005061537027359009 58
1741580882875 0.004617579746991396 59
