1741580854725 0.43771910667419434 0
1741580855195 0.26806318759918213 1
1741580855674 0.1908280849456787 2
1741580856179 0.16760599613189697 3
1741580856645 0.15207138657569885 4
1741580857116 0.14133372902870178 5
1741580857581 0.13252410292625427 6
1741580858045 0.1253470629453659 7
1741580858496 0.11938339471817017 8
1741580858977 0.11534014344215393 9
1741580859461 0.11079610139131546 10
1741580859959 0.1067141592502594 11
1741580860422 0.10595470666885376 12
1741580860879 0.09874831140041351 13
1741580861343 0.09814386069774628 14
1741580861793 0.09746217727661133 15
1741580862256 0.09162984788417816 16
1741580862727 0.09028802067041397 17
1741580863192 0.08734628558158875 18
1741580863672 0.08329562842845917 19
1741580864144 0.08143540471792221 20
1741580864628 0.08164173364639282 21
1741580865088 0.07995205372571945 22
1741580865560 0.07592795789241791 23
1741580866008 0.07125415652990341 24
1741580866474 0.06943320482969284 25
1741580866925 0.0677332952618599 26
1741580867421 0.06522868573665619 27
1741580867907 0.06423376500606537 28
1741580868389 0.07175469398498535 29
1741580868842 0.06300119310617447 30
1741580869320 0.05909855663776398 31
1741580869773 0.056428685784339905 32
1741580870241 0.0544869601726532 33
1741580870690 0.05753651633858681 34
1741580871157 0.05902950465679169 35
1741580871656 0.05201445892453194 36
1741580872148 0.05014428496360779 37
1741580872607 0.049060337245464325 38
1741580873086 0.04976003244519234 39
1741580873539 0.04959302023053169 40
1741580874010 0.04698600247502327 41
1741580874455 0.04483141005039215 42
1741580874931 0.04729711264371872 43
1741580875389 0.046614501625299454 44
1741580875870 0.048024337738752365 45
1741580876363 0.06039176881313324 46
1741580876832 0.04919905588030815 47
1741580877301 0.04396864026784897 48
1741580877793 0.04260476678609848 49
1741580878321 0.04141408950090408 50
1741580878820 0.040690112859010696 51
1741580879307 0.03942418098449707 52
1741580879797 0.04011252149939537 53
1741580880316 0.04060786962509155 54
1741580880883 0.039907973259687424 55
1741580881400 0.03987860307097435 56
1741580881883 0.0406445749104023 57
1741580882378 0.04034816473722458 58
1741580882875 0.03659358620643616 59
