1741582277284 0.25442641973495483 0
1741582277920 0.09979867935180664 1
1741582278557 0.07907557487487793 2
1741582279186 0.06786889582872391 3
1741582279820 0.06026715040206909 4
1741582280490 0.05360142141580582 5
1741582281182 0.049812786281108856 6
1741582281835 0.0492081493139267 7
1741582282479 0.04448407143354416 8
1741582283125 0.04212389141321182 9
1741582283790 0.04002398997545242 10
1741582284483 0.036829497665166855 11
1741582285129 0.03306897357106209 12
1741582285773 0.0348251536488533 13
1741582286437 0.028015539050102234 14
1741582287096 0.023973379284143448 15
1741582287770 0.022315148264169693 16
1741582288434 0.020006485283374786 17
1741582289073 0.01838080957531929 18
1741582289735 0.017667256295681 19
1741582290370 0.017939690500497818 20
1741582291057 0.015600984916090965 21
1741582291734 0.01397418137639761 22
1741582292379 0.011173645965754986 23
1741582293031 0.01034060213714838 24
1741582293670 0.00878254882991314 25
1741582294353 0.007752858102321625 26
1741582295056 0.0075311255641281605 27
1741582295820 0.006767809856683016 28
1741582296575 0.006464595906436443 29
1741582297303 0.006085360888391733 30
1741582298107 0.005786941386759281 31
1741582298877 0.006022415589541197 32
1741582299623 0.005798778031021357 33
1741582300373 0.005382452625781298 34
1741582301137 0.0055873095989227295 35
1741582301903 0.005966580472886562 36
1741582302670 0.005831445567309856 37
1741582303440 0.005778854247182608 38
1741582304231 0.004862153436988592 39
1741582304954 0.004701972473412752 40
1741582305703 0.004411294590681791 41
1741582306543 0.004552587866783142 42
1741582307325 0.004375161603093147 43
1741582308069 0.004385515581816435 44
1741582308803 0.004513239022344351 45
1741582309553 0.003979481291025877 46
1741582310354 0.0039077382534742355 47
1741582311103 0.004132156725972891 48
1741582311884 0.0040213302709162235 49
1741582312658 0.004213651642203331 50
1741582313444 0.008946479298174381 51
1741582314170 0.005172830540686846 52
1741582314919 0.005238076206296682 53
1741582315703 0.004698257427662611 54
1741582316486 0.0037311462219804525 55
1741582317221 0.003408110234886408 56
1741582317960 0.0033406817819923162 57
1741582318754 0.0032948791049420834 58
1741582319520 0.0032202787697315216 59
1741582320270 0.00319500919431448 60
1741582321043 0.002999910619109869 61
1741582321854 0.0030292756855487823 62
1741582322590 0.003492626827210188 63
1741582323322 0.0030627299565821886 64
1741582324101 0.003011095803231001 65
1741582324876 0.0033677786123007536 66
1741582325604 0.0030148657970130444 67
1741582326357 0.00291338749229908 68
1741582327143 0.002907975809648633 69
1741582327920 0.002751006279140711 70
1741582328670 0.002958932425826788 71
1741582329442 0.003383074188604951 72
1741582330223 0.0031805827748030424 73
1741582330955 0.0028567584231495857 74
1741582331702 0.0027978625148534775 75
1741582332491 0.002808669349178672 76
1741582333254 0.002738748211413622 77
1741582333988 0.0029540788382291794 78
1741582334759 0.003038211027160287 79
