1741582277284 0.3076997995376587 0
1741582277920 0.1617695540189743 1
1741582278557 0.1364096701145172 2
1741582279186 0.12426311522722244 3
1741582279820 0.11859486252069473 4
1741582280490 0.1115938052535057 5
1741582281182 0.10851132869720459 6
1741582281835 0.1117132231593132 7
1741582282479 0.10243845731019974 8
1741582283125 0.09888046234846115 9
1741582283790 0.09932100772857666 10
1741582284483 0.09383480995893478 11
1741582285129 0.08820243924856186 12
1741582285773 0.09219228476285934 13
1741582286437 0.08473072201013565 14
1741582287096 0.07729113101959229 15
1741582287770 0.07679993659257889 16
1741582288434 0.07496345043182373 17
1741582289073 0.07309545576572418 18
1741582289735 0.07228265702724457 19
1741582290370 0.07413830608129501 20
1741582291057 0.06892330944538116 21
1741582291734 0.0668671503663063 22
1741582292379 0.056519705802202225 23
1741582293031 0.058051034808158875 24
1741582293670 0.052326131612062454 25
1741582294353 0.04842695593833923 26
1741582295056 0.048292167484760284 27
1741582295820 0.04591798782348633 28
1741582296575 0.043642010539770126 29
1741582297303 0.042398348450660706 30
1741582298107 0.04153704270720482 31
1741582298877 0.04402706027030945 32
1741582299623 0.043104179203510284 33
1741582300373 0.039809826761484146 34
1741582301137 0.04263897240161896 35
1741582301903 0.04714271426200867 36
1741582302670 0.044723473489284515 37
1741582303440 0.04587845504283905 38
1741582304231 0.037573594599962234 39
1741582304954 0.03538828343153 40
1741582305703 0.03456494212150574 41
1741582306543 0.03561360388994217 42
1741582307325 0.03667491674423218 43
1741582308069 0.033974889665842056 44
1741582308803 0.03586957976222038 45
1741582309553 0.03285382315516472 46
1741582310354 0.03270948305726051 47
1741582311103 0.03417292237281799 48
1741582311884 0.03439607843756676 49
1741582312658 0.03551342338323593 50
1741582313444 0.05992867052555084 51
1741582314170 0.045135755091905594 52
1741582314919 0.04472161456942558 53
1741582315703 0.040636319667100906 54
1741582316486 0.03261658921837807 55
1741582317221 0.029680049046874046 56
1741582317960 0.029468471184372902 57
1741582318754 0.028267502784729004 58
1741582319520 0.029010038822889328 59
1741582320270 0.027977118268609047 60
1741582321043 0.026699280366301537 61
1741582321854 0.027017099782824516 62
1741582322590 0.03131001442670822 63
1741582323322 0.028761224821209908 64
1741582324101 0.027926847338676453 65
1741582324876 0.03089764527976513 66
1741582325604 0.028572633862495422 67
1741582326357 0.027185363695025444 68
1741582327143 0.025680122897028923 69
1741582327920 0.026303695514798164 70
1741582328670 0.027616076171398163 71
1741582329442 0.035504091531038284 72
1741582330223 0.03099534846842289 73
1741582330955 0.028354935348033905 74
1741582331702 0.02667652629315853 75
1741582332491 0.027345499023795128 76
1741582333254 0.027000436559319496 77
1741582333988 0.027134079486131668 78
1741582334759 0.029809631407260895 79
