1741587879321 0.34905943274497986 0
1741587879755 0.13798217475414276 1
1741587880167 0.10307387262582779 2
1741587880566 0.08716100454330444 3
1741587880949 0.07691948860883713 4
1741587881371 0.06870172917842865 5
1741587881770 0.06259416043758392 6
1741587882154 0.05827176198363304 7
1741587882537 0.053425297141075134 8
1741587882934 0.04938153922557831 9
1741587883311 0.04763384163379669 10
1741587883713 0.04380974546074867 11
1741587884109 0.040972184389829636 12
1741587884521 0.038801904767751694 13
1741587884914 0.03760094195604324 14
1741587885285 0.03819550573825836 15
1741587885684 0.03577151149511337 16
1741587886073 0.031840112060308456 17
1741587886475 0.029978854581713676 18
1741587886862 0.02827552706003189 19
1741587887238 0.029766403138637543 20
1741587887637 0.024746032431721687 21
1741587888046 0.023887423798441887 22
1741587888438 0.022127265110611916 23
1741587888834 0.019504250958561897 24
1741587889223 0.01698261685669422 25
1741587889622 0.015853140503168106 26
1741587890010 0.015115535818040371 27
1741587890386 0.013861837796866894 28
1741587890787 0.012522903271019459 29
1741587891166 0.011416997760534286 30
1741587891545 0.010324384085834026 31
1741587891937 0.010004833340644836 32
1741587892343 0.009333199821412563 33
1741587892734 0.010014721192419529 34
1741587893124 0.012072191573679447 35
1741587893543 0.009563494473695755 36
1741587893942 0.008195668458938599 37
1741587894334 0.007751198019832373 38
1741587894725 0.00757827702909708 39
1741587895120 0.007377793081104755 40
1741587895523 0.007199286017566919 41
1741587895926 0.006966639310121536 42
1741587896342 0.006745736580342054 43
1741587896776 0.006672992836683989 44
1741587897176 0.006502791773527861 45
1741587897553 0.006666266359388828 46
1741587897960 0.006678763311356306 47
1741587898360 0.0069723413325846195 48
1741587898737 0.006263792980462313 49
1741587899149 0.0059919534251093864 50
1741587899537 0.005744648166000843 51
1741587899927 0.005771052557975054 52
1741587900355 0.005737341474741697 53
1741587900753 0.006170845124870539 54
1741587901159 0.005903811659663916 55
1741587901552 0.005418167915195227 56
1741587901936 0.0053638797253370285 57
1741587902319 0.005324679426848888 58
1741587902708 0.00551202055066824 59
1741587903105 0.005853815469890833 60
1741587903507 0.006496230605989695 61
1741587903886 0.006505196448415518 62
1741587904302 0.006500144489109516 63
1741587904702 0.005323244724422693 64
1741587905113 0.004903357941657305 65
1741587905505 0.004812765866518021 66
1741587905905 0.0046292683109641075 67
1741587906288 0.004492038395255804 68
1741587906702 0.004628410097211599 69
1741587907154 0.004411568399518728 70
1741587907584 0.004293366335332394 71
1741587908019 0.004232085309922695 72
1741587908493 0.0041555073112249374 73
1741587908919 0.0042703780345618725 74
1741587909359 0.004274907987564802 75
1741587909786 0.004114525858312845 76
1741587910202 0.003972489852458239 77
1741587910621 0.0039726668037474155 78
1741587911023 0.004022809676826 79
