1741587879321 0.37453100085258484 0
1741587879755 0.203391894698143 1
1741587880167 0.16035698354244232 2
1741587880566 0.14338114857673645 3
1741587880949 0.13157255947589874 4
1741587881371 0.12381068617105484 5
1741587881770 0.11899972707033157 6
1741587882154 0.1155124232172966 7
1741587882537 0.10941316932439804 8
1741587882934 0.10457421839237213 9
1741587883311 0.10424080491065979 10
1741587883713 0.09831200540065765 11
1741587884109 0.0940563976764679 12
1741587884521 0.09194125235080719 13
1741587884914 0.09044685959815979 14
1741587885285 0.09624844044446945 15
1741587885684 0.08884310722351074 16
1741587886073 0.08246329426765442 17
1741587886475 0.0800984799861908 18
1741587886862 0.07875768840312958 19
1741587887238 0.08690233528614044 20
1741587887637 0.07617845386266708 21
1741587888046 0.0735761746764183 22
1741587888438 0.07421785593032837 23
1741587888834 0.07101605087518692 24
1741587889223 0.06746021658182144 25
1741587889622 0.06569712609052658 26
1741587890010 0.0654250904917717 27
1741587890386 0.06343093514442444 28
1741587890787 0.06168212369084358 29
1741587891166 0.06027679890394211 30
1741587891545 0.055860936641693115 31
1741587891937 0.054863281548023224 32
1741587892343 0.0534997396171093 33
1741587892734 0.05635661631822586 34
1741587893124 0.06367914378643036 35
1741587893543 0.059487320482730865 36
1741587893942 0.04957970976829529 37
1741587894334 0.04822341352701187 38
1741587894725 0.04714467003941536 39
1741587895120 0.04647950828075409 40
1741587895523 0.045782670378685 41
1741587895926 0.04474380984902382 42
1741587896342 0.04403030127286911 43
1741587896776 0.04387955740094185 44
1741587897176 0.043472420424222946 45
1741587897553 0.044179316610097885 46
1741587897960 0.04501049593091011 47
1741587898360 0.04837799817323685 48
1741587898737 0.04165118187665939 49
1741587899149 0.04054166004061699 50
1741587899537 0.03901372477412224 51
1741587899927 0.040008384734392166 52
1741587900355 0.03970182687044144 53
1741587900753 0.042820096015930176 54
1741587901159 0.042156629264354706 55
1741587901552 0.03842291608452797 56
1741587901936 0.03793584555387497 57
1741587902319 0.03752359375357628 58
1741587902708 0.03988364711403847 59
1741587903105 0.04287901893258095 60
1741587903507 0.048606544733047485 61
1741587903886 0.04789530113339424 62
1741587904302 0.04720955342054367 63
1741587904702 0.04114384949207306 64
1741587905113 0.036817047744989395 65
1741587905505 0.03677917644381523 66
1741587905905 0.03551461920142174 67
1741587906288 0.03357262536883354 68
1741587906702 0.03542337566614151 69
1741587907154 0.0340241864323616 70
1741587907584 0.032737068831920624 71
1741587908019 0.03212392330169678 72
1741587908493 0.03201592341065407 73
1741587908919 0.03453679755330086 74
1741587909359 0.03400495648384094 75
1741587909786 0.033097296953201294 76
1741587910202 0.03158208727836609 77
1741587910621 0.03170269727706909 78
1741587911023 0.03183876723051071 79
