1741582039837 0.3942824602127075 0
1741582040171 0.1454620063304901 1
1741582040517 0.10893531143665314 2
1741582040837 0.09349238127470016 3
1741582041174 0.08278457820415497 4
1741582041503 0.07535294443368912 5
1741582041845 0.0693512037396431 6
1741582042170 0.06344857066869736 7
1741582042499 0.0585474967956543 8
1741582042822 0.054560042917728424 9
1741582043137 0.05120805650949478 10
1741582043470 0.048169590532779694 11
1741582043818 0.045124974101781845 12
1741582044148 0.04259636998176575 13
1741582044474 0.03996335715055466 14
1741582044787 0.03808125853538513 15
1741582045127 0.039739131927490234 16
1741582045453 0.03469005599617958 17
1741582045782 0.032446011900901794 18
1741582046107 0.031144294887781143 19
1741582046441 0.028511883690953255 20
1741582046768 0.027874315157532692 21
1741582047100 0.025330757722258568 22
1741582047428 0.02210414782166481 23
1741582047756 0.027561813592910767 24
1741582048089 0.02584327757358551 25
1741582048416 0.019617091864347458 26
1741582048737 0.01670669950544834 27
1741582049070 0.01551450602710247 28
1741582049387 0.014229319989681244 29
1741582049724 0.013223021291196346 30
1741582050053 0.012268191203474998 31
1741582050399 0.011243948712944984 32
1741582050721 0.010585315525531769 33
1741582051050 0.009766440838575363 34
1741582051370 0.009189913980662823 35
1741582051704 0.008858498185873032 36
1741582052031 0.008323325775563717 37
1741582052357 0.007992873899638653 38
1741582052687 0.007654006127268076 39
1741582053015 0.00755666010081768 40
1741582053337 0.00733521394431591 41
1741582053674 0.007236049976199865 42
1741582053987 0.007272718008607626 43
1741582054324 0.006795644760131836 44
1741582054653 0.006533264182507992 45
1741582054972 0.006467308849096298 46
1741582055303 0.006079418584704399 47
1741582055620 0.005971950478851795 48
1741582055954 0.005974135361611843 49
1741582056273 0.005826777312904596 50
1741582056606 0.0057883537374436855 51
1741582056943 0.005913416855037212 52
1741582057268 0.005566198844462633 53
1741582057603 0.005483148153871298 54
1741582057937 0.005252405069768429 55
1741582058253 0.005330478306859732 56
1741582058589 0.005109679885208607 57
1741582058921 0.005357171408832073 58
1741582059247 0.00872791837900877 59
1741582059579 0.008968924172222614 60
1741582059904 0.006765717174857855 61
1741582060230 0.005410255864262581 62
1741582060557 0.004689780529588461 63
1741582060873 0.004426846280694008 64
1741582061208 0.004422948695719242 65
1741582061534 0.0042959777638316154 66
1741582061858 0.004184815101325512 67
1741582062188 0.004153824411332607 68
1741582062517 0.004093081224709749 69
1741582062840 0.004025061149150133 70
1741582063172 0.003976796753704548 71
1741582063504 0.00415043905377388 72
1741582063830 0.005359793547540903 73
1741582064157 0.00519348680973053 74
1741582064487 0.004376711789518595 75
1741582064815 0.003958429675549269 76
1741582065141 0.003811455797404051 77
1741582065470 0.0038236971013247967 78
1741582065803 0.003627132624387741 79
