1741582039837 0.3955557346343994 0
1741582040171 0.20953984558582306 1
1741582040517 0.16572101414203644 2
1741582040837 0.15073198080062866 3
1741582041174 0.13991019129753113 4
1741582041503 0.1331854611635208 5
1741582041845 0.12835383415222168 6
1741582042170 0.1230076253414154 7
1741582042499 0.11740485578775406 8
1741582042822 0.11278511583805084 9
1741582043137 0.10974143445491791 10
1741582043470 0.10612316429615021 11
1741582043818 0.1021764874458313 12
1741582044148 0.099692702293396 13
1741582044474 0.09629049897193909 14
1741582044787 0.09420976787805557 15
1741582045127 0.10222858190536499 16
1741582045453 0.09056631475687027 17
1741582045782 0.08738601952791214 18
1741582046107 0.08648177236318588 19
1741582046441 0.08346950262784958 20
1741582046768 0.08286289870738983 21
1741582047100 0.08158323913812637 22
1741582047428 0.07744798064231873 23
1741582047756 0.08869994431734085 24
1741582048089 0.08764736354351044 25
1741582048416 0.07648514956235886 26
1741582048737 0.06907325983047485 27
1741582049070 0.06652143597602844 28
1741582049387 0.06455069780349731 29
1741582049724 0.062328219413757324 30
1741582050053 0.060643069446086884 31
1741582050399 0.05893038958311081 32
1741582050721 0.057430218905210495 33
1741582051050 0.05534342676401138 34
1741582051370 0.054110437631607056 35
1741582051704 0.05313843861222267 36
1741582052031 0.05152099207043648 37
1741582052357 0.050382308661937714 38
1741582052687 0.049336694180965424 39
1741582053015 0.04924773424863815 40
1741582053337 0.04860302433371544 41
1741582053674 0.04828372225165367 42
1741582053987 0.04926760122179985 43
1741582054324 0.047217682003974915 44
1741582054653 0.04552653059363365 45
1741582054972 0.04564686119556427 46
1741582055303 0.04347505420446396 47
1741582055620 0.04338284581899643 48
1741582055954 0.04389093071222305 49
1741582056273 0.04344497248530388 50
1741582056606 0.04357435554265976 51
1741582056943 0.044873327016830444 52
1741582057268 0.04255755618214607 53
1741582057603 0.04274512827396393 54
1741582057937 0.04108165204524994 55
1741582058253 0.042167987674474716 56
1741582058589 0.04030802473425865 57
1741582058921 0.042299456894397736 58
1741582059247 0.060182906687259674 59
1741582059579 0.06258309632539749 60
1741582059904 0.05090715363621712 61
1741582060230 0.04487057775259018 62
1741582060557 0.03861977159976959 63
1741582060873 0.0362679623067379 64
1741582061208 0.036912187933921814 65
1741582061534 0.0354948565363884 66
1741582061858 0.034687306731939316 67
1741582062188 0.034651871770620346 68
1741582062517 0.034757960587739944 69
1741582062840 0.033829573541879654 70
1741582063172 0.03358886018395424 71
1741582063504 0.03580933064222336 72
1741582063830 0.044046755880117416 73
1741582064157 0.04369966313242912 74
1741582064487 0.0379030741751194 75
1741582064815 0.03445282578468323 76
1741582065141 0.03387755528092384 77
1741582065470 0.033878471702337265 78
1741582065803 0.03164640814065933 79
