1741581450542 0.45390036702156067 0
1741581451051 0.18454955518245697 1
1741581451587 0.1342160701751709 2
1741581452064 0.10950493812561035 3
1741581452554 0.09227658808231354 4
1741581453032 0.08066734671592712 5
1741581453498 0.0714428722858429 6
1741581453984 0.06457037478685379 7
1741581454486 0.058955177664756775 8
1741581454965 0.054493073374032974 9
1741581455448 0.04951556399464607 10
1741581455937 0.04577730968594551 11
1741581456417 0.04304930195212364 12
1741581456928 0.04029981791973114 13
1741581457437 0.04190598800778389 14
1741581457931 0.03806586563587189 15
1741581458401 0.03481604531407356 16
1741581458881 0.03230010345578194 17
1741581459364 0.02869204804301262 18
1741581459848 0.02632206864655018 19
1741581460337 0.023545969277620316 20
1741581460834 0.02330060303211212 21
1741581461366 0.020950298756361008 22
1741581461879 0.018912900239229202 23
1741581462364 0.019035451114177704 24
1741581462847 0.02281242422759533 25
1741581463327 0.0195323396474123 26
1741581463809 0.014712700620293617 27
1741581464285 0.012705463916063309 28
1741581464796 0.011075031012296677 29
1741581465286 0.010036970488727093 30
1741581465808 0.009373670443892479 31
1741581466300 0.009124166332185268 32
1741581466800 0.008860541507601738 33
1741581467292 0.008488866500556469 34
1741581467771 0.008086313493549824 35
1741581468252 0.008059265092015266 36
1741581468745 0.008536167442798615 37
1741581469231 0.014289402402937412 38
1741581469748 0.012241040356457233 39
1741581470265 0.008197537623345852 40
1741581470841 0.007166183087974787 41
1741581471465 0.006934022065252066 42
1741581472102 0.006627890281379223 43
1741581472740 0.006406583823263645 44
1741581473385 0.006263306830078363 45
1741581474021 0.0061231255531311035 46
1741581474653 0.0059533254243433475 47
1741581475308 0.005961621180176735 48
1741581475948 0.005761823616921902 49
1741581476589 0.00568789429962635 50
1741581477213 0.0054502710700035095 51
1741581477872 0.005442062858492136 52
1741581478512 0.005228143185377121 53
1741581479153 0.005138510372489691 54
1741581479794 0.005321090575307608 55
1741581480448 0.005116100888699293 56
1741581481085 0.004921779967844486 57
1741581481730 0.0050527071580290794 58
1741581482368 0.005382506176829338 59
1741581483013 0.0046960050240159035 60
1741581483663 0.004464497324079275 61
1741581484297 0.004430015105754137 62
1741581484932 0.004402223043143749 63
1741581485585 0.004372588824480772 64
1741581486229 0.004410690162330866 65
1741581486875 0.004658068995922804 66
1741581487532 0.004619214218109846 67
1741581488169 0.00481797382235527 68
1741581488819 0.004115792457014322 69
1741581489471 0.003945467993617058 70
1741581490118 0.004143185913562775 71
1741581490766 0.004576562438160181 72
1741581491409 0.0041498723439872265 73
1741581492032 0.003761555999517441 74
1741581492565 0.0037630670703947544 75
1741581493046 0.003617572132498026 76
1741581493528 0.0034855713602155447 77
1741581494052 0.003821594174951315 78
1741581494599 0.004201358184218407 79
