1741581450542 0.435955286026001 0
1741581451051 0.246885746717453 1
1741581451587 0.19504113495349884 2
1741581452064 0.16823144257068634 3
1741581452554 0.1497025042772293 4
1741581453032 0.13971684873104095 5
1741581453498 0.13117238879203796 6
1741581453984 0.12510649859905243 7
1741581454486 0.1196170374751091 8
1741581454965 0.11518498510122299 9
1741581455448 0.10873714834451675 10
1741581455937 0.10408348590135574 11
1741581456417 0.10122599452733994 12
1741581456928 0.09819575399160385 13
1741581457437 0.10370451956987381 14
1741581457931 0.097354955971241 15
1741581458401 0.09505359083414078 16
1741581458881 0.09030604362487793 17
1741581459364 0.08523529767990112 18
1741581459848 0.08353017270565033 19
1741581460337 0.08129002153873444 20
1741581460834 0.08248735219240189 21
1741581461366 0.07897211611270905 22
1741581461879 0.07300100475549698 23
1741581462364 0.0745251253247261 24
1741581462847 0.08614377677440643 25
1741581463327 0.08255443722009659 26
1741581463809 0.0672282800078392 27
1741581464285 0.06459261476993561 28
1741581464796 0.0598747655749321 29
1741581465286 0.05712806060910225 30
1741581465808 0.055062390863895416 31
1741581466300 0.054178912192583084 32
1741581466800 0.05462236702442169 33
1741581467292 0.05256737768650055 34
1741581467771 0.05047008767724037 35
1741581468252 0.050955917686223984 36
1741581468745 0.05515545606613159 37
1741581469231 0.07749636471271515 38
1741581469748 0.0702328309416771 39
1741581470265 0.05313890427350998 40
1741581470841 0.04769023880362511 41
1741581471465 0.04710846021771431 42
1741581472102 0.04578830301761627 43
1741581472740 0.04417351633310318 44
1741581473385 0.043768975883722305 45
1741581474021 0.043369755148887634 46
1741581474653 0.043124329298734665 47
1741581475308 0.044057417660951614 48
1741581475948 0.04241747781634331 49
1741581476589 0.04227057099342346 50
1741581477213 0.04143543168902397 51
1741581477872 0.04162927344441414 52
1741581478512 0.040658243000507355 53
1741581479153 0.03996637463569641 54
1741581479794 0.0414765402674675 55
1741581480448 0.04101531580090523 56
1741581481085 0.039369773119688034 57
1741581481730 0.04141389578580856 58
1741581482368 0.04498507082462311 59
1741581483013 0.03846780210733414 60
1741581483663 0.03668150305747986 61
1741581484297 0.036641184240579605 62
1741581484932 0.037289880216121674 63
1741581485585 0.036944638937711716 64
1741581486229 0.038120631128549576 65
1741581486875 0.04133719950914383 66
1741581487532 0.04061853140592575 67
1741581488169 0.041607365012168884 68
1741581488819 0.03584972023963928 69
1741581489471 0.03449423238635063 70
1741581490118 0.03568227216601372 71
1741581490766 0.03920423984527588 72
1741581491409 0.037232764065265656 73
1741581492032 0.03375815600156784 74
1741581492565 0.03434126824140549 75
1741581493046 0.032775308936834335 76
1741581493528 0.03126150742173195 77
1741581494052 0.03540278598666191 78
1741581494599 0.03889407217502594 79
