1741581687510 0.4513820707798004 0
1741581688008 0.168598011136055 1
1741581688501 0.1275494545698166 2
1741581689008 0.10508003830909729 3
1741581689525 0.09032809734344482 4
1741581690010 0.07950808852910995 5
1741581690493 0.07122817635536194 6
1741581690985 0.06396644562482834 7
1741581691460 0.05865274742245674 8
1741581691952 0.05460669472813606 9
1741581692430 0.0518798828125 10
1741581692909 0.04778677970170975 11
1741581693389 0.044779203832149506 12
1741581693884 0.04448729008436203 13
1741581694382 0.04066149890422821 14
1741581694902 0.03846025466918945 15
1741581695388 0.03805835545063019 16
1741581695857 0.03787103295326233 17
1741581696353 0.03410183638334274 18
1741581696837 0.030863380059599876 19
1741581697341 0.038040515035390854 20
1741581697821 0.02918032929301262 21
1741581698326 0.03373254835605621 22
1741581698839 0.028151459991931915 23
1741581699324 0.02393435500562191 24
1741581699811 0.02199696935713291 25
1741581700300 0.022128770127892494 26
1741581700782 0.020616644993424416 27
1741581701264 0.02028026431798935 28
1741581701739 0.018797360360622406 29
1741581702256 0.017308207228779793 30
1741581702758 0.015896163880825043 31
1741581703239 0.014796238392591476 32
1741581703728 0.014261279255151749 33
1741581704208 0.015454522334039211 34
1741581704675 0.015000944957137108 35
1741581705157 0.013801787048578262 36
1741581705652 0.012000667862594128 37
1741581706186 0.010363942943513393 38
1741581706697 0.009903239086270332 39
1741581707195 0.009424787946045399 40
1741581707678 0.00924293790012598 41
1741581708161 0.008746372535824776 42
1741581708644 0.008494974114000797 43
1741581709128 0.008059673011302948 44
1741581709617 0.007770943455398083 45
1741581710122 0.009950605221092701 46
1741581710624 0.01100747287273407 47
1741581711124 0.0077225626446306705 48
1741581711610 0.007359854411333799 49
1741581712103 0.007062279619276524 50
1741581712595 0.0067651052959263325 51
1741581713079 0.006590473465621471 52
1741581713562 0.006267255637794733 53
1741581714051 0.0060811410658061504 54
1741581714574 0.005933826323598623 55
1741581715124 0.005758052691817284 56
1741581715626 0.005724949296563864 57
1741581716161 0.005474050063639879 58
1741581716674 0.005477122031152248 59
1741581717195 0.005376552697271109 60
1741581717704 0.0052831885404884815 61
1741581718224 0.005177363753318787 62
1741581718799 0.005107183009386063 63
1741581719357 0.005059137474745512 64
1741581719874 0.005366158206015825 65
1741581720391 0.004747145809233189 66
1741581720906 0.005010202061384916 67
1741581721410 0.0047696311958134174 68
1741581721924 0.004476040601730347 69
1741581722479 0.0044308435171842575 70
1741581723024 0.004662689752876759 71
1741581723575 0.006032173987478018 72
1741581724093 0.004569251090288162 73
1741581724607 0.005180391017347574 74
1741581725143 0.00442756712436676 75
1741581725658 0.004243416711688042 76
1741581726197 0.004362802486866713 77
1741581726752 0.005543274339288473 78
1741581727294 0.004506937228143215 79
