1741581687510 0.42199814319610596 0
1741581688008 0.22482584416866302 1
1741581688501 0.1823955476284027 2
1741581689008 0.16035465896129608 3
1741581689525 0.14619262516498566 4
1741581690010 0.1393597573041916 5
1741581690493 0.1318788379430771 6
1741581690985 0.1239183247089386 7
1741581691460 0.11742152273654938 8
1741581691952 0.11581064015626907 9
1741581692430 0.11302634328603745 10
1741581692909 0.10716690123081207 11
1741581693389 0.10320041328668594 12
1741581693884 0.10526235401630402 13
1741581694382 0.0993141382932663 14
1741581694902 0.09356129914522171 15
1741581695388 0.09308847784996033 16
1741581695857 0.09503296762704849 17
1741581696353 0.08884571492671967 18
1741581696837 0.08678910881280899 19
1741581697341 0.1053706705570221 20
1741581697821 0.08817391842603683 21
1741581698326 0.09689857810735703 22
1741581698839 0.09774897992610931 23
1741581699324 0.08169574290513992 24
1741581699811 0.07772824168205261 25
1741581700300 0.07911130785942078 26
1741581700782 0.07659199088811874 27
1741581701264 0.07588564604520798 28
1741581701739 0.07420267164707184 29
1741581702256 0.07072098553180695 30
1741581702758 0.06836946308612823 31
1741581703239 0.06608901917934418 32
1741581703728 0.0655035600066185 33
1741581704208 0.06866782903671265 34
1741581704675 0.06995823234319687 35
1741581705157 0.0692678913474083 36
1741581705652 0.06198843568563461 37
1741581706186 0.057506367564201355 38
1741581706697 0.056327544152736664 39
1741581707195 0.05470522493124008 40
1741581707678 0.05415245518088341 41
1741581708161 0.052990030497312546 42
1741581708644 0.05208969861268997 43
1741581709128 0.05041135847568512 44
1741581709617 0.04887838289141655 45
1741581710122 0.05953160300850868 46
1741581710624 0.06481266766786575 47
1741581711124 0.05022580176591873 48
1741581711610 0.04892206937074661 49
1741581712103 0.04707060754299164 50
1741581712595 0.046302761882543564 51
1741581713079 0.04596740007400513 52
1741581713562 0.04431425407528877 53
1741581714051 0.043377578258514404 54
1741581714574 0.042583297938108444 55
1741581715124 0.04168826341629028 56
1741581715626 0.04213838279247284 57
1741581716161 0.041185710579156876 58
1741581716674 0.04084696248173714 59
1741581717195 0.04126559570431709 60
1741581717704 0.040917783975601196 61
1741581718224 0.04120202735066414 62
1741581718799 0.04062178358435631 63
1741581719357 0.04058000072836876 64
1741581719874 0.0437215119600296 65
1741581720391 0.03906460478901863 66
1741581720906 0.04180391505360603 67
1741581721410 0.039968471974134445 68
1741581721924 0.03758040443062782 69
1741581722479 0.03716401755809784 70
1741581723024 0.0397968627512455 71
1741581723575 0.05169292166829109 72
1741581724093 0.03909500688314438 73
1741581724607 0.043339818716049194 74
1741581725143 0.03804486244916916 75
1741581725658 0.03695031255483627 76
1741581726197 0.03842906281352043 77
1741581726752 0.046290334314107895 78
1741581727294 0.039254337549209595 79
